{
 "cells": [
  {
   "cell_type": "code",
   "execution_count": 1,
   "id": "d9eaa10b",
   "metadata": {},
   "outputs": [],
   "source": [
    "import librosa\n",
    "import matplotlib.pyplot as plt\n",
    "import numpy as np\n",
    "import IPython.display as ipd\n",
    "import librosa.display\n",
    "import pandas as pd\n",
    "import os, sys, re, pickle, glob\n",
    "import os.path\n",
    "from tqdm import tqdm\n",
    "\n",
    "from sklearn.preprocessing import StandardScaler\n",
    "from sklearn import svm\n",
    "from sklearn.model_selection import train_test_split\n",
    "from sklearn.metrics import confusion_matrix\n",
    "from sklearn.model_selection import GridSearchCV\n",
    "from sklearn.svm import SVC\n",
    "\n",
    "import warnings\n",
    "warnings.filterwarnings('ignore')"
   ]
  },
  {
   "cell_type": "code",
   "execution_count": 2,
   "id": "3b32a4b0",
   "metadata": {},
   "outputs": [],
   "source": [
    "audio_dataset_path='/Users/esaltuk/Desktop/ELEC491/archive' \n",
    "metadata=pd.read_csv('/Users/esaltuk/Desktop/ELEC491/archive/MLEndHWD_Audio_Attributes.csv')"
   ]
  },
  {
   "cell_type": "code",
   "execution_count": 3,
   "id": "4f3fdea9",
   "metadata": {},
   "outputs": [
    {
     "data": {
      "text/html": [
       "<div>\n",
       "<style scoped>\n",
       "    .dataframe tbody tr th:only-of-type {\n",
       "        vertical-align: middle;\n",
       "    }\n",
       "\n",
       "    .dataframe tbody tr th {\n",
       "        vertical-align: top;\n",
       "    }\n",
       "\n",
       "    .dataframe thead th {\n",
       "        text-align: right;\n",
       "    }\n",
       "</style>\n",
       "<table border=\"1\" class=\"dataframe\">\n",
       "  <thead>\n",
       "    <tr style=\"text-align: right;\">\n",
       "      <th></th>\n",
       "      <th>Public filename</th>\n",
       "      <th>Interpreter</th>\n",
       "      <th>Song</th>\n",
       "      <th>Interpretation</th>\n",
       "    </tr>\n",
       "  </thead>\n",
       "  <tbody>\n",
       "    <tr>\n",
       "      <th>0</th>\n",
       "      <td>0000.wav</td>\n",
       "      <td>216</td>\n",
       "      <td>Potter</td>\n",
       "      <td>Hum</td>\n",
       "    </tr>\n",
       "    <tr>\n",
       "      <th>1</th>\n",
       "      <td>0001.wav</td>\n",
       "      <td>100</td>\n",
       "      <td>Potter</td>\n",
       "      <td>Hum</td>\n",
       "    </tr>\n",
       "    <tr>\n",
       "      <th>2</th>\n",
       "      <td>0002.wav</td>\n",
       "      <td>177</td>\n",
       "      <td>Potter</td>\n",
       "      <td>Hum</td>\n",
       "    </tr>\n",
       "    <tr>\n",
       "      <th>3</th>\n",
       "      <td>0003.wav</td>\n",
       "      <td>159</td>\n",
       "      <td>Potter</td>\n",
       "      <td>Hum</td>\n",
       "    </tr>\n",
       "    <tr>\n",
       "      <th>4</th>\n",
       "      <td>0004.wav</td>\n",
       "      <td>160</td>\n",
       "      <td>Potter</td>\n",
       "      <td>Whistle</td>\n",
       "    </tr>\n",
       "    <tr>\n",
       "      <th>...</th>\n",
       "      <td>...</td>\n",
       "      <td>...</td>\n",
       "      <td>...</td>\n",
       "      <td>...</td>\n",
       "    </tr>\n",
       "    <tr>\n",
       "      <th>6606</th>\n",
       "      <td>6606.wav</td>\n",
       "      <td>204</td>\n",
       "      <td>Frozen</td>\n",
       "      <td>Hum</td>\n",
       "    </tr>\n",
       "    <tr>\n",
       "      <th>6607</th>\n",
       "      <td>6607.wav</td>\n",
       "      <td>94</td>\n",
       "      <td>Frozen</td>\n",
       "      <td>Hum</td>\n",
       "    </tr>\n",
       "    <tr>\n",
       "      <th>6608</th>\n",
       "      <td>6608.wav</td>\n",
       "      <td>164</td>\n",
       "      <td>Frozen</td>\n",
       "      <td>Hum</td>\n",
       "    </tr>\n",
       "    <tr>\n",
       "      <th>6609</th>\n",
       "      <td>6609.wav</td>\n",
       "      <td>125</td>\n",
       "      <td>Frozen</td>\n",
       "      <td>Hum</td>\n",
       "    </tr>\n",
       "    <tr>\n",
       "      <th>6610</th>\n",
       "      <td>6610.wav</td>\n",
       "      <td>87</td>\n",
       "      <td>Frozen</td>\n",
       "      <td>Whistle</td>\n",
       "    </tr>\n",
       "  </tbody>\n",
       "</table>\n",
       "<p>6611 rows × 4 columns</p>\n",
       "</div>"
      ],
      "text/plain": [
       "     Public filename  Interpreter    Song Interpretation\n",
       "0           0000.wav          216  Potter            Hum\n",
       "1           0001.wav          100  Potter            Hum\n",
       "2           0002.wav          177  Potter            Hum\n",
       "3           0003.wav          159  Potter            Hum\n",
       "4           0004.wav          160  Potter        Whistle\n",
       "...              ...          ...     ...            ...\n",
       "6606        6606.wav          204  Frozen            Hum\n",
       "6607        6607.wav           94  Frozen            Hum\n",
       "6608        6608.wav          164  Frozen            Hum\n",
       "6609        6609.wav          125  Frozen            Hum\n",
       "6610        6610.wav           87  Frozen        Whistle\n",
       "\n",
       "[6611 rows x 4 columns]"
      ]
     },
     "execution_count": 3,
     "metadata": {},
     "output_type": "execute_result"
    }
   ],
   "source": [
    "metadata"
   ]
  },
  {
   "cell_type": "markdown",
   "id": "2bb65eb1",
   "metadata": {},
   "source": [
    "def features_extractor(file):\n",
    "    \n",
    "    features=[]\n",
    "    \n",
    "    # if None, fs would be 22050\n",
    "    audio_data, sample_rate = librosa.load(file,mono=True,sr=22050)\n",
    "      \n",
    "\n",
    "    stft = np.abs(librosa.stft(audio_data))\n",
    "    \n",
    "    mfcc = np.mean(librosa.feature.mfcc(y=audio_data, sr=sample_rate, n_mfcc=40).T,axis=0)\n",
    "    features.extend(mfcc) # 40 = 40\n",
    "\n",
    "    \n",
    "    chroma = np.mean(librosa.feature.chroma_stft(S=stft, sr=sample_rate).T,axis=0)\n",
    "    features.extend(chroma) # 12 = 52\n",
    "    \n",
    "    mel = np.mean(librosa.feature.melspectrogram(y=audio_data, sr=sample_rate).T,axis=0)\n",
    "    features.extend(mel) # 128 = 180\n",
    "    \n",
    "    contrast = np.mean(librosa.feature.spectral_contrast(S=stft, sr=sample_rate).T,axis=0)\n",
    "    features.extend(contrast) # 7 = 187\n",
    "\n",
    "    \n",
    "    return features"
   ]
  },
  {
   "cell_type": "code",
   "execution_count": 173,
   "id": "7bcf4e02",
   "metadata": {},
   "outputs": [],
   "source": [
    "def features_extractor(file):\n",
    "    features=[]    \n",
    "    audio_data, sample_rate = librosa.load(file,mono=True,sr=2*22050)\n",
    "    \n",
    "    mfcc = np.mean(librosa.feature.mfcc(y=audio_data, sr=sample_rate, n_mfcc=40).T,axis=0)\n",
    "    features.extend(mfcc) # 40 = 40\n",
    "    \n",
    "    return features"
   ]
  },
  {
   "cell_type": "code",
   "execution_count": 243,
   "id": "11329377",
   "metadata": {},
   "outputs": [
    {
     "name": "stderr",
     "output_type": "stream",
     "text": [
      "6611it [03:03, 36.09it/s]\n"
     ]
    }
   ],
   "source": [
    "extracted_features=[]\n",
    "\n",
    "for index_num,row in tqdm(metadata.iterrows()):\n",
    "    file_name = os.path.join(os.path.abspath(audio_dataset_path),\"MLEndHWD_\"+str(row[\"Song\"])+\"_Audio_Files\"+'/',str(row[\"Public filename\"]))\n",
    "    final_class_labels=row[\"Song\"]\n",
    "    Interpret = row[\"Interpretation\"]\n",
    "    if os.path.exists(file_name) == True:\n",
    "      data=features_extractor(file_name)\n",
    "      extracted_features.append([data,Interpret,final_class_labels])"
   ]
  },
  {
   "cell_type": "code",
   "execution_count": 244,
   "id": "1fd686cf",
   "metadata": {},
   "outputs": [],
   "source": [
    "extracted_features_df=pd.DataFrame(extracted_features,columns=['feature','Interp','class'])"
   ]
  },
  {
   "cell_type": "code",
   "execution_count": 245,
   "id": "50846ddc",
   "metadata": {},
   "outputs": [
    {
     "data": {
      "text/html": [
       "<div>\n",
       "<style scoped>\n",
       "    .dataframe tbody tr th:only-of-type {\n",
       "        vertical-align: middle;\n",
       "    }\n",
       "\n",
       "    .dataframe tbody tr th {\n",
       "        vertical-align: top;\n",
       "    }\n",
       "\n",
       "    .dataframe thead th {\n",
       "        text-align: right;\n",
       "    }\n",
       "</style>\n",
       "<table border=\"1\" class=\"dataframe\">\n",
       "  <thead>\n",
       "    <tr style=\"text-align: right;\">\n",
       "      <th></th>\n",
       "      <th>feature</th>\n",
       "      <th>Interp</th>\n",
       "      <th>class</th>\n",
       "    </tr>\n",
       "  </thead>\n",
       "  <tbody>\n",
       "    <tr>\n",
       "      <th>0</th>\n",
       "      <td>[-371.79715, 127.446526, 2.6394265, 3.1592183,...</td>\n",
       "      <td>Hum</td>\n",
       "      <td>Potter</td>\n",
       "    </tr>\n",
       "    <tr>\n",
       "      <th>1</th>\n",
       "      <td>[-505.87384, 130.31326, 22.047081, 20.901613, ...</td>\n",
       "      <td>Hum</td>\n",
       "      <td>Potter</td>\n",
       "    </tr>\n",
       "    <tr>\n",
       "      <th>2</th>\n",
       "      <td>[-541.1099, 134.42548, 16.201548, 21.419962, 2...</td>\n",
       "      <td>Hum</td>\n",
       "      <td>Potter</td>\n",
       "    </tr>\n",
       "    <tr>\n",
       "      <th>3</th>\n",
       "      <td>[-470.17938, 146.83046, 3.9286509, 8.309087, -...</td>\n",
       "      <td>Hum</td>\n",
       "      <td>Potter</td>\n",
       "    </tr>\n",
       "    <tr>\n",
       "      <th>4</th>\n",
       "      <td>[-388.46826, 84.75418, 17.812887, -8.884424, 4...</td>\n",
       "      <td>Whistle</td>\n",
       "      <td>Potter</td>\n",
       "    </tr>\n",
       "    <tr>\n",
       "      <th>...</th>\n",
       "      <td>...</td>\n",
       "      <td>...</td>\n",
       "      <td>...</td>\n",
       "    </tr>\n",
       "    <tr>\n",
       "      <th>6606</th>\n",
       "      <td>[-476.7946, 124.91712, 4.0885925, 38.76391, 26...</td>\n",
       "      <td>Hum</td>\n",
       "      <td>Frozen</td>\n",
       "    </tr>\n",
       "    <tr>\n",
       "      <th>6607</th>\n",
       "      <td>[-489.08978, 121.73104, 46.9286, 34.83716, 30....</td>\n",
       "      <td>Hum</td>\n",
       "      <td>Frozen</td>\n",
       "    </tr>\n",
       "    <tr>\n",
       "      <th>6608</th>\n",
       "      <td>[-402.44797, 130.2624, 16.161236, 15.045093, 4...</td>\n",
       "      <td>Hum</td>\n",
       "      <td>Frozen</td>\n",
       "    </tr>\n",
       "    <tr>\n",
       "      <th>6609</th>\n",
       "      <td>[-476.2789, 157.25711, 44.029285, 17.612562, -...</td>\n",
       "      <td>Hum</td>\n",
       "      <td>Frozen</td>\n",
       "    </tr>\n",
       "    <tr>\n",
       "      <th>6610</th>\n",
       "      <td>[-477.03018, 108.591934, -27.411476, -42.99463...</td>\n",
       "      <td>Whistle</td>\n",
       "      <td>Frozen</td>\n",
       "    </tr>\n",
       "  </tbody>\n",
       "</table>\n",
       "<p>6611 rows × 3 columns</p>\n",
       "</div>"
      ],
      "text/plain": [
       "                                                feature   Interp   class\n",
       "0     [-371.79715, 127.446526, 2.6394265, 3.1592183,...      Hum  Potter\n",
       "1     [-505.87384, 130.31326, 22.047081, 20.901613, ...      Hum  Potter\n",
       "2     [-541.1099, 134.42548, 16.201548, 21.419962, 2...      Hum  Potter\n",
       "3     [-470.17938, 146.83046, 3.9286509, 8.309087, -...      Hum  Potter\n",
       "4     [-388.46826, 84.75418, 17.812887, -8.884424, 4...  Whistle  Potter\n",
       "...                                                 ...      ...     ...\n",
       "6606  [-476.7946, 124.91712, 4.0885925, 38.76391, 26...      Hum  Frozen\n",
       "6607  [-489.08978, 121.73104, 46.9286, 34.83716, 30....      Hum  Frozen\n",
       "6608  [-402.44797, 130.2624, 16.161236, 15.045093, 4...      Hum  Frozen\n",
       "6609  [-476.2789, 157.25711, 44.029285, 17.612562, -...      Hum  Frozen\n",
       "6610  [-477.03018, 108.591934, -27.411476, -42.99463...  Whistle  Frozen\n",
       "\n",
       "[6611 rows x 3 columns]"
      ]
     },
     "execution_count": 245,
     "metadata": {},
     "output_type": "execute_result"
    }
   ],
   "source": [
    "extracted_features_df"
   ]
  },
  {
   "cell_type": "code",
   "execution_count": 246,
   "id": "b6ecc608",
   "metadata": {},
   "outputs": [],
   "source": [
    "from tensorflow.keras.utils import to_categorical\n",
    "from sklearn.preprocessing import LabelEncoder\n",
    "from sklearn import preprocessing\n",
    "from keras.utils import to_categorical\n",
    "\n",
    "le = LabelEncoder()\n",
    "\n",
    "int_lbls=le.fit_transform(np.array(extracted_features_df.loc[:,\"Interp\"]))\n",
    "class_lbls=le.fit_transform(np.array(extracted_features_df.loc[:,\"class\"]))"
   ]
  },
  {
   "cell_type": "markdown",
   "id": "9ca79533",
   "metadata": {},
   "source": [
    "Determine whether the input is Humming or Whistle"
   ]
  },
  {
   "cell_type": "code",
   "execution_count": 248,
   "id": "04710d26",
   "metadata": {},
   "outputs": [],
   "source": [
    "X=np.array(pd.Series.tolist(extracted_features_df.feature)) # all the features\n",
    "\n",
    "y=int_lbls # hum or whistle"
   ]
  },
  {
   "cell_type": "code",
   "execution_count": 249,
   "id": "72ee013b",
   "metadata": {},
   "outputs": [],
   "source": [
    "X_train, X_rem, y_train, y_rem = train_test_split(X,y,test_size=0.3)"
   ]
  },
  {
   "cell_type": "code",
   "execution_count": 250,
   "id": "fcc7498b",
   "metadata": {},
   "outputs": [],
   "source": [
    "X_val, X_test, y_val, y_test = train_test_split(X_rem,y_rem,test_size=0.1)"
   ]
  },
  {
   "cell_type": "code",
   "execution_count": 251,
   "id": "4e618f62",
   "metadata": {
    "scrolled": true
   },
   "outputs": [
    {
     "name": "stdout",
     "output_type": "stream",
     "text": [
      "Size of training set: (4627, 40) (4627,)\n",
      "Size of validation set: (1785, 40) (1785,)\n",
      "Size of testing set: (199, 40) (199,)\n"
     ]
    }
   ],
   "source": [
    "print('Size of training set:', X_train.shape, y_train.shape)\n",
    "print('Size of validation set:', X_val.shape, y_val.shape)\n",
    "print('Size of testing set:', X_test.shape, y_test.shape)\n",
    "     "
   ]
  },
  {
   "cell_type": "code",
   "execution_count": 252,
   "id": "9a21483c",
   "metadata": {
    "scrolled": false
   },
   "outputs": [
    {
     "name": "stdout",
     "output_type": "stream",
     "text": [
      "Training Accuracy 0.9814134428355306\n",
      "Validation  Accuracy 0.9725490196078431\n"
     ]
    }
   ],
   "source": [
    "model  = svm.SVC(C=1)\n",
    "model.fit(np.array(X_train),y_train)\n",
    "\n",
    "yt_p = model.predict(X_train)\n",
    "yv_p = model.predict(X_val)\n",
    "\n",
    "print('Training Accuracy', np.mean(yt_p==y_train))\n",
    "print('Validation  Accuracy', np.mean(yv_p==y_val))"
   ]
  },
  {
   "cell_type": "code",
   "execution_count": 253,
   "id": "a1ac9351",
   "metadata": {
    "scrolled": false
   },
   "outputs": [],
   "source": [
    "extracted_features_df[\"Interp\"]=int_lbls\n",
    "extracted_features_df[\"class\"]=class_lbls"
   ]
  },
  {
   "cell_type": "markdown",
   "id": "7de7a9c4",
   "metadata": {},
   "source": [
    "Splitting the Hums and Whistles for later use!"
   ]
  },
  {
   "cell_type": "code",
   "execution_count": 254,
   "id": "675411fb",
   "metadata": {},
   "outputs": [],
   "source": [
    "hums=pd.DataFrame(extracted_features_df[extracted_features_df[\"Interp\"]==0])"
   ]
  },
  {
   "cell_type": "code",
   "execution_count": 255,
   "id": "3c69527d",
   "metadata": {},
   "outputs": [],
   "source": [
    "whistles=pd.DataFrame(extracted_features_df[extracted_features_df[\"Interp\"]==1])"
   ]
  },
  {
   "cell_type": "markdown",
   "id": "ff6e33b5",
   "metadata": {},
   "source": [
    "Training SVM Model for all classes"
   ]
  },
  {
   "cell_type": "code",
   "execution_count": 256,
   "id": "8307d78d",
   "metadata": {},
   "outputs": [],
   "source": [
    "X=np.array(pd.Series.tolist(extracted_features_df.feature)) # all the features\n",
    "\n",
    "y=class_lbls # classes"
   ]
  },
  {
   "cell_type": "code",
   "execution_count": 257,
   "id": "facaee7d",
   "metadata": {},
   "outputs": [
    {
     "data": {
      "text/plain": [
       "array([4, 7, 3, 5, 1, 2, 6, 0])"
      ]
     },
     "execution_count": 257,
     "metadata": {},
     "output_type": "execute_result"
    }
   ],
   "source": [
    "extracted_features_df['class'].unique()"
   ]
  },
  {
   "cell_type": "code",
   "execution_count": 258,
   "id": "55d480ba",
   "metadata": {},
   "outputs": [],
   "source": [
    "X_train, X_rem, y_train, y_rem = train_test_split(X,y,test_size=0.3)"
   ]
  },
  {
   "cell_type": "code",
   "execution_count": 259,
   "id": "7d37eb23",
   "metadata": {},
   "outputs": [],
   "source": [
    "X_val, X_test, y_val, y_test = train_test_split(X_rem,y_rem,test_size=0.1)"
   ]
  },
  {
   "cell_type": "code",
   "execution_count": 260,
   "id": "6db6fb71",
   "metadata": {},
   "outputs": [
    {
     "name": "stdout",
     "output_type": "stream",
     "text": [
      "Size of training set: (4627, 40) (4627,)\n",
      "Size of validation set: (1785, 40) (1785,)\n",
      "Size of testing set: (199, 40) (199,)\n"
     ]
    }
   ],
   "source": [
    "print('Size of training set:', X_train.shape, y_train.shape)\n",
    "print('Size of validation set:', X_val.shape, y_val.shape)\n",
    "print('Size of testing set:', X_test.shape, y_test.shape)\n",
    "     "
   ]
  },
  {
   "cell_type": "code",
   "execution_count": 261,
   "id": "13a94436",
   "metadata": {
    "scrolled": false
   },
   "outputs": [
    {
     "name": "stdout",
     "output_type": "stream",
     "text": [
      "Training Accuracy 1.0\n",
      "Validation  Accuracy 0.33501400560224087\n",
      "The support vectors are (4627, 40)\n",
      "Training confusion matrix:\n",
      " [[570   0   0   0   0   0   0   0]\n",
      " [  0 580   0   0   0   0   0   0]\n",
      " [  0   0 575   0   0   0   0   0]\n",
      " [  0   0   0 591   0   0   0   0]\n",
      " [  0   0   0   0 586   0   0   0]\n",
      " [  0   0   0   0   0 577   0   0]\n",
      " [  0   0   0   0   0   0 571   0]\n",
      " [  0   0   0   0   0   0   0 577]]\n",
      "\n",
      "Validation confusion matrix:\n",
      " [[ 41   2   4   4 156   1   7   3]\n",
      " [  3  58   9   4 136   2   3   5]\n",
      " [  2  14  65   6 139   1  10   4]\n",
      " [  1   3   3  78 126   3   1   9]\n",
      " [  1   0   0  11 207   2   1   7]\n",
      " [  2   1   1  11 153  50   2   7]\n",
      " [  4   6  13   3 125   1  51   3]\n",
      " [  0   3   1  11 152   2   3  48]]\n",
      "\n",
      "Normalised training confusion matrix:\n",
      " [[1. 0. 0. 0. 0. 0. 0. 0.]\n",
      " [0. 1. 0. 0. 0. 0. 0. 0.]\n",
      " [0. 0. 1. 0. 0. 0. 0. 0.]\n",
      " [0. 0. 0. 1. 0. 0. 0. 0.]\n",
      " [0. 0. 0. 0. 1. 0. 0. 0.]\n",
      " [0. 0. 0. 0. 0. 1. 0. 0.]\n",
      " [0. 0. 0. 0. 0. 0. 1. 0.]\n",
      " [0. 0. 0. 0. 0. 0. 0. 1.]]\n",
      "\n",
      "Normalised validation confusion matrix:\n",
      " [[0.18807339 0.00917431 0.01834862 0.01834862 0.71559633 0.00458716\n",
      "  0.03211009 0.01376147]\n",
      " [0.01363636 0.26363636 0.04090909 0.01818182 0.61818182 0.00909091\n",
      "  0.01363636 0.02272727]\n",
      " [0.00829876 0.05809129 0.26970954 0.02489627 0.57676349 0.00414938\n",
      "  0.04149378 0.01659751]\n",
      " [0.00446429 0.01339286 0.01339286 0.34821429 0.5625     0.01339286\n",
      "  0.00446429 0.04017857]\n",
      " [0.00436681 0.         0.         0.04803493 0.90393013 0.00873362\n",
      "  0.00436681 0.03056769]\n",
      " [0.00881057 0.00440529 0.00440529 0.04845815 0.67400881 0.22026432\n",
      "  0.00881057 0.030837  ]\n",
      " [0.01941748 0.02912621 0.0631068  0.01456311 0.60679612 0.00485437\n",
      "  0.24757282 0.01456311]\n",
      " [0.         0.01363636 0.00454545 0.05       0.69090909 0.00909091\n",
      "  0.01363636 0.21818182]]\n",
      "\n"
     ]
    }
   ],
   "source": [
    "model  = svm.SVC(C=100, gamma=0.01, probability=True)\n",
    "model.fit(X_train,y_train)\n",
    "\n",
    "yt_p = model.predict(X_train)\n",
    "yv_p = model.predict(X_val)\n",
    "\n",
    "print('Training Accuracy', np.mean(yt_p==y_train))\n",
    "print('Validation  Accuracy', np.mean(yv_p==y_val))\n",
    "print('The support vectors are', model.support_vectors_.shape)\n",
    "\n",
    "tcm = confusion_matrix(y_true=y_train, y_pred=yt_p)\n",
    "tcm_n = tcm.astype('float') / tcm.sum(axis=1)[:, np.newaxis]\n",
    "\n",
    "vcm = confusion_matrix(y_true=y_val, y_pred=yv_p)\n",
    "vcm_n = vcm.astype('float') / vcm.sum(axis=1)[:, np.newaxis]\n",
    "\n",
    "print('Training confusion matrix:\\n {}\\n'.format(tcm))\n",
    "print('Validation confusion matrix:\\n {}\\n'.format(vcm))\n",
    "\n",
    "print('Normalised training confusion matrix:\\n {}\\n'.format(tcm_n))\n",
    "print('Normalised validation confusion matrix:\\n {}\\n'.format(vcm_n))"
   ]
  },
  {
   "cell_type": "code",
   "execution_count": 34,
   "id": "094212cf",
   "metadata": {},
   "outputs": [],
   "source": [
    "param_grid = {\n",
    "    'C': [0.1,1, 10, 100], \n",
    "    'gamma': [1,0.1,0.01,0.001],\n",
    "    'kernel': ['rbf', 'poly', 'sigmoid']\n",
    "    }"
   ]
  },
  {
   "cell_type": "code",
   "execution_count": 265,
   "id": "bc0a044b",
   "metadata": {},
   "outputs": [],
   "source": [
    "X_hums=hums[\"feature\"] # all the features\n",
    "y_hums=hums['class'] # hum or whistle"
   ]
  },
  {
   "cell_type": "code",
   "execution_count": 266,
   "id": "78850325",
   "metadata": {},
   "outputs": [],
   "source": [
    "X_train_hums, X_rem, y_train_hums, y_rem = train_test_split(X,y,test_size=0.3)"
   ]
  },
  {
   "cell_type": "code",
   "execution_count": 267,
   "id": "812c9034",
   "metadata": {},
   "outputs": [],
   "source": [
    "X_val_hums, X_test_hums, y_val_hums, y_test_hums = train_test_split(X_rem,y_rem,test_size=0.1)"
   ]
  },
  {
   "cell_type": "code",
   "execution_count": 268,
   "id": "9271c67d",
   "metadata": {},
   "outputs": [
    {
     "name": "stdout",
     "output_type": "stream",
     "text": [
      "Size of training set: (4627, 40) (4627,)\n",
      "Size of validation set: (1785, 40) (1785,)\n",
      "Size of testing set: (199, 40) (199,)\n"
     ]
    }
   ],
   "source": [
    "print('Size of training set:', X_train_hums.shape, y_train_hums.shape)\n",
    "print('Size of validation set:', X_val_hums.shape, y_val_hums.shape)\n",
    "print('Size of testing set:', X_test_hums.shape, y_test_hums.shape)"
   ]
  },
  {
   "cell_type": "code",
   "execution_count": 269,
   "id": "3fccb8b2",
   "metadata": {},
   "outputs": [
    {
     "name": "stdout",
     "output_type": "stream",
     "text": [
      "Training Accuracy of Humms 0.9997838772422736\n",
      "Validation  Accuracy Humms 0.11988795518207283\n",
      "The support vectors are (4627, 40)\n"
     ]
    }
   ],
   "source": [
    "model  = svm.SVC(C=10, gamma=0.1)\n",
    "model.fit(X_train_hums,y_train_hums)\n",
    "\n",
    "yt_p = model.predict(X_train_hums)\n",
    "yv_p = model.predict(X_val_hums)\n",
    "\n",
    "print('Training Accuracy of Humms', np.mean(yt_p==y_train_hums))\n",
    "print('Validation  Accuracy Humms', np.mean(yv_p==y_val_hums))\n",
    "print('The support vectors are', model.support_vectors_.shape)"
   ]
  },
  {
   "cell_type": "code",
   "execution_count": 271,
   "id": "12be21b6",
   "metadata": {},
   "outputs": [],
   "source": [
    "def testyourdata(filename):\n",
    "    datatest=features_extractor(filename)\n",
    "    datatest=np.reshape(datatest,(1,-1))\n",
    "    test_result=model.predict(datatest)\n",
    "    probabilities = model.predict_proba(datatest)\n",
    "    print(np.sort(probabilities))\n",
    "    print(list(le.inverse_transform(np.argpartition(probabilities, -3)[:,-3:][0])))\n",
    "    return le.inverse_transform(np.reshape(test_result,(-1,1)))[0]"
   ]
  },
  {
   "cell_type": "code",
   "execution_count": 273,
   "id": "332591db",
   "metadata": {},
   "outputs": [
    {
     "name": "stdout",
     "output_type": "stream",
     "text": [
      "The training data metrics are:\n",
      "Accuracy Score: 1.0\n",
      "The validation data metrics are:\n",
      "Accuracy Score: 0.40672268907563025\n",
      "\n",
      "\n",
      "The support vectors are (4627, 40) \n",
      "\n",
      "Training confusion matrix:\n",
      " [[570   0   0   0   0   0   0   0]\n",
      " [  0 580   0   0   0   0   0   0]\n",
      " [  0   0 575   0   0   0   0   0]\n",
      " [  0   0   0 591   0   0   0   0]\n",
      " [  0   0   0   0 586   0   0   0]\n",
      " [  0   0   0   0   0 577   0   0]\n",
      " [  0   0   0   0   0   0 571   0]\n",
      " [  0   0   0   0   0   0   0 577]]\n",
      "\n",
      "Validation confusion matrix:\n",
      " [[105  15  20  13  20   7  21  17]\n",
      " [ 10  82  46  17   9  16  26  14]\n",
      " [ 20  34 108  18  16  14  23   8]\n",
      " [ 16  15  22  97  32  11  10  21]\n",
      " [ 15  12  16  34  96  22  19  15]\n",
      " [ 11   8  10  34  26 103  21  14]\n",
      " [ 18  13  48  16  19   9  72  11]\n",
      " [ 20  17  25  31  26  22  16  63]]\n",
      "\n",
      "Normalised training confusion matrix:\n",
      " [[1. 0. 0. 0. 0. 0. 0. 0.]\n",
      " [0. 1. 0. 0. 0. 0. 0. 0.]\n",
      " [0. 0. 1. 0. 0. 0. 0. 0.]\n",
      " [0. 0. 0. 1. 0. 0. 0. 0.]\n",
      " [0. 0. 0. 0. 1. 0. 0. 0.]\n",
      " [0. 0. 0. 0. 0. 1. 0. 0.]\n",
      " [0. 0. 0. 0. 0. 0. 1. 0.]\n",
      " [0. 0. 0. 0. 0. 0. 0. 1.]]\n",
      "\n",
      "Normalised validation confusion matrix:\n",
      " [[0.48165138 0.06880734 0.09174312 0.05963303 0.09174312 0.03211009\n",
      "  0.09633028 0.07798165]\n",
      " [0.04545455 0.37272727 0.20909091 0.07727273 0.04090909 0.07272727\n",
      "  0.11818182 0.06363636]\n",
      " [0.08298755 0.14107884 0.44813278 0.0746888  0.06639004 0.05809129\n",
      "  0.09543568 0.03319502]\n",
      " [0.07142857 0.06696429 0.09821429 0.43303571 0.14285714 0.04910714\n",
      "  0.04464286 0.09375   ]\n",
      " [0.06550218 0.05240175 0.069869   0.14847162 0.41921397 0.09606987\n",
      "  0.08296943 0.06550218]\n",
      " [0.04845815 0.03524229 0.04405286 0.14977974 0.11453744 0.45374449\n",
      "  0.09251101 0.06167401]\n",
      " [0.08737864 0.0631068  0.23300971 0.0776699  0.09223301 0.04368932\n",
      "  0.34951456 0.05339806]\n",
      " [0.09090909 0.07727273 0.11363636 0.14090909 0.11818182 0.1\n",
      "  0.07272727 0.28636364]]\n",
      "\n"
     ]
    }
   ],
   "source": [
    "from sklearn.metrics import confusion_matrix, f1_score, accuracy_score, precision_score, recall_score\n",
    "from xgboost import XGBClassifier\n",
    "import xgboost as xgb\n",
    "\n",
    "xgbc = XGBClassifier()\n",
    "XGBClassifier(base_score=0.5, booster='gbtree', colsample_bylevel=1,\n",
    "       colsample_bynode=1, colsample_bytree=1, gamma=0, learning_rate=0.1,\n",
    "       max_delta_step=0, max_depth=3, min_child_weight=1, missing=None,\n",
    "       n_estimators=100, n_jobs=1, nthread=None,\n",
    "       objective='multi:softmax', random_state=0, reg_alpha=0,\n",
    "       reg_lambda=1, scale_pos_weight=1, seed=None, silent=None,\n",
    "       subsample=1, verbosity=1 , num_class=8)\n",
    "\n",
    "xgbc.fit(X_train, y_train)\n",
    "\n",
    "print('The training data metrics are:')\n",
    "print('Accuracy Score:', accuracy_score(y_true=y_train, y_pred=xgbc.predict(X_train)))\n",
    "\n",
    "print('The validation data metrics are:')\n",
    "print('Accuracy Score:', accuracy_score(y_true=y_val, y_pred=xgbc.predict(X_val)))\n",
    "\n",
    "print('\\n')\n",
    "print('The support vectors are', model.support_vectors_.shape, ('\\n'))\n",
    "\n",
    "tcm = confusion_matrix(y_true=y_train, y_pred=xgbc.predict(X_train))\n",
    "tcm_n = tcm.astype('float') / tcm.sum(axis=1)[:, np.newaxis]\n",
    "\n",
    "vcm = confusion_matrix(y_true=y_val, y_pred=xgbc.predict(X_val))\n",
    "vcm_n = vcm.astype('float') / vcm.sum(axis=1)[:, np.newaxis]\n",
    "\n",
    "print('Training confusion matrix:\\n {}\\n'.format(tcm))\n",
    "print('Validation confusion matrix:\\n {}\\n'.format(vcm))\n",
    "\n",
    "print('Normalised training confusion matrix:\\n {}\\n'.format(tcm_n))\n",
    "print('Normalised validation confusion matrix:\\n {}\\n'.format(vcm_n))"
   ]
  },
  {
   "cell_type": "code",
   "execution_count": 274,
   "id": "d8de5692",
   "metadata": {
    "scrolled": true
   },
   "outputs": [
    {
     "name": "stdout",
     "output_type": "stream",
     "text": [
      "2.12.0\n"
     ]
    }
   ],
   "source": [
    "import tensorflow as tf\n",
    "print(tf.__version__)\n",
    "import keras\n",
    "\n",
    "from tensorflow.keras.models import Sequential\n",
    "from tensorflow.keras.layers import Input,Dense, LSTM, Dropout,Activation,Flatten, Conv2D ,Conv1D, MaxPooling1D,MaxPooling2D, GlobalAveragePooling1D\n",
    "from tensorflow.keras.optimizers import Adam\n",
    "from sklearn import metrics, model_selection\n",
    "from tensorflow.keras import regularizers"
   ]
  },
  {
   "cell_type": "code",
   "execution_count": 275,
   "id": "c81dd8df",
   "metadata": {},
   "outputs": [],
   "source": [
    "\n",
    "### Training / Fitting / Optimizing Model #####\n",
    "test_size = 0.3\n",
    "epochs    = 100\n",
    "batch_size= 10\n",
    "optimizer = tf.keras.optimizers.legacy.Adam(learning_rate=0.001, beta_1=0.9, beta_2=0.999, amsgrad=False)"
   ]
  },
  {
   "cell_type": "code",
   "execution_count": 276,
   "id": "b79eca5a",
   "metadata": {},
   "outputs": [],
   "source": [
    "classes= ['Frozen', 'Harry', 'Panther', 'StarWars', 'Rain','Hakuna', 'Mamma']\n",
    "n_classes=len(classes)"
   ]
  },
  {
   "cell_type": "code",
   "execution_count": 277,
   "id": "22c845b2",
   "metadata": {},
   "outputs": [
    {
     "data": {
      "text/plain": [
       "(4627, 40)"
      ]
     },
     "execution_count": 277,
     "metadata": {},
     "output_type": "execute_result"
    }
   ],
   "source": [
    "X_train.shape"
   ]
  },
  {
   "cell_type": "code",
   "execution_count": 291,
   "id": "2d010c43",
   "metadata": {},
   "outputs": [],
   "source": [
    "model = Sequential()\n",
    "\n",
    "model.add(Input(shape=(40,)))\n",
    "model.add(Dense(256))\n",
    "model.add(Activation('relu'))\n",
    "model.add(Dropout(0.5))\n",
    "model.add(Dense(256))\n",
    "model.add(Activation('relu'))\n",
    "model.add(Dropout(0.5))\n",
    "model.add(Dense(n_classes))\n",
    "model.add(Activation('softmax'))\n",
    "# Compile the model\n",
    "model.compile(loss='sparse_categorical_crossentropy', metrics=['accuracy'], optimizer='adam')"
   ]
  },
  {
   "cell_type": "code",
   "execution_count": 284,
   "id": "172ba9d5",
   "metadata": {},
   "outputs": [],
   "source": [
    "model = Sequential()\n",
    "# Define the model\n",
    "model.add(Input(shape=(40,)))\n",
    "\n",
    "model.add(Dense(512, activation='relu'))\n",
    "\n",
    "model.add(Dense(256, activation='relu'))\n",
    "\n",
    "model.add(Dense(128, activation='relu'))\n",
    "\n",
    "model.add(Dense(64, activation='relu'))\n",
    "\n",
    "model.add(Dense(32, activation='relu'))\n",
    "#model.add(Dropout(0.5))\n",
    "\n",
    "model.add(Dense(n_classes, activation='sigmoid'))\n",
    "\n",
    "model.compile(loss='sparse_categorical_crossentropy', optimizer=optimizer, metrics=['accuracy'])"
   ]
  },
  {
   "cell_type": "code",
   "execution_count": 292,
   "id": "dcf5d00b",
   "metadata": {
    "scrolled": true
   },
   "outputs": [
    {
     "name": "stdout",
     "output_type": "stream",
     "text": [
      "Model: \"sequential_5\"\n",
      "_________________________________________________________________\n",
      " Layer (type)                Output Shape              Param #   \n",
      "=================================================================\n",
      " dense_23 (Dense)            (None, 256)               10496     \n",
      "                                                                 \n",
      " activation_5 (Activation)   (None, 256)               0         \n",
      "                                                                 \n",
      " dropout_4 (Dropout)         (None, 256)               0         \n",
      "                                                                 \n",
      " dense_24 (Dense)            (None, 256)               65792     \n",
      "                                                                 \n",
      " activation_6 (Activation)   (None, 256)               0         \n",
      "                                                                 \n",
      " dropout_5 (Dropout)         (None, 256)               0         \n",
      "                                                                 \n",
      " dense_25 (Dense)            (None, 7)                 1799      \n",
      "                                                                 \n",
      " activation_7 (Activation)   (None, 7)                 0         \n",
      "                                                                 \n",
      "=================================================================\n",
      "Total params: 78,087\n",
      "Trainable params: 78,087\n",
      "Non-trainable params: 0\n",
      "_________________________________________________________________\n"
     ]
    }
   ],
   "source": [
    "model.summary()"
   ]
  },
  {
   "cell_type": "code",
   "execution_count": 293,
   "id": "eb0aa795",
   "metadata": {
    "scrolled": true
   },
   "outputs": [
    {
     "name": "stdout",
     "output_type": "stream",
     "text": [
      "Epoch 1/100\n",
      "145/145 [==============================] - 1s 7ms/step - loss: 13.6626 - accuracy: 0.1232 - val_loss: 9.7749 - val_accuracy: 0.1462\n",
      "Epoch 2/100\n",
      "145/145 [==============================] - 1s 6ms/step - loss: 15.9777 - accuracy: 0.1366 - val_loss: 31.0667 - val_accuracy: 0.1232\n",
      "Epoch 3/100\n",
      "145/145 [==============================] - 1s 6ms/step - loss: 117.3036 - accuracy: 0.1210 - val_loss: 398.6978 - val_accuracy: 0.1221\n",
      "Epoch 4/100\n",
      "145/145 [==============================] - 1s 6ms/step - loss: 516.7823 - accuracy: 0.1277 - val_loss: 1719.6665 - val_accuracy: 0.1154\n",
      "Epoch 5/100\n",
      "145/145 [==============================] - 1s 6ms/step - loss: 1147.9557 - accuracy: 0.1178 - val_loss: 2351.7522 - val_accuracy: 0.1160\n",
      "Epoch 6/100\n",
      "145/145 [==============================] - 1s 6ms/step - loss: 2382.0310 - accuracy: 0.1264 - val_loss: 6554.8594 - val_accuracy: 0.1272\n",
      "Epoch 7/100\n",
      "145/145 [==============================] - 1s 6ms/step - loss: 3440.3501 - accuracy: 0.1202 - val_loss: 9130.8955 - val_accuracy: 0.1272\n",
      "Epoch 8/100\n",
      "145/145 [==============================] - 1s 6ms/step - loss: 5304.8120 - accuracy: 0.1254 - val_loss: 20441.8418 - val_accuracy: 0.1272\n",
      "Epoch 9/100\n",
      "145/145 [==============================] - 1s 6ms/step - loss: 7588.6147 - accuracy: 0.1206 - val_loss: 25309.7598 - val_accuracy: 0.1272\n",
      "Epoch 10/100\n",
      "145/145 [==============================] - 1s 6ms/step - loss: 9487.0977 - accuracy: 0.1221 - val_loss: 34647.4805 - val_accuracy: 0.1272\n",
      "Epoch 11/100\n",
      "145/145 [==============================] - 1s 6ms/step - loss: 12544.3223 - accuracy: 0.1251 - val_loss: 43086.9258 - val_accuracy: 0.1272\n",
      "Epoch 12/100\n",
      "145/145 [==============================] - 1s 6ms/step - loss: 14601.7012 - accuracy: 0.1284 - val_loss: 48395.5977 - val_accuracy: 0.1154\n",
      "Epoch 13/100\n",
      "145/145 [==============================] - 1s 6ms/step - loss: 18259.6055 - accuracy: 0.1288 - val_loss: 56784.3711 - val_accuracy: 0.1154\n",
      "Epoch 14/100\n",
      "145/145 [==============================] - 1s 6ms/step - loss: 20605.2988 - accuracy: 0.1234 - val_loss: 57783.9883 - val_accuracy: 0.1154\n",
      "Epoch 15/100\n",
      "145/145 [==============================] - 1s 6ms/step - loss: 23172.8066 - accuracy: 0.1331 - val_loss: 112529.6953 - val_accuracy: 0.1272\n",
      "Epoch 16/100\n",
      "145/145 [==============================] - 1s 6ms/step - loss: 28947.9941 - accuracy: 0.1310 - val_loss: 124282.9062 - val_accuracy: 0.1272\n",
      "Epoch 17/100\n",
      "145/145 [==============================] - 1s 6ms/step - loss: 36622.7617 - accuracy: 0.1243 - val_loss: 109971.6328 - val_accuracy: 0.1154\n",
      "Epoch 18/100\n",
      "145/145 [==============================] - 1s 6ms/step - loss: 36290.0938 - accuracy: 0.1236 - val_loss: 148234.4531 - val_accuracy: 0.1154\n",
      "Epoch 19/100\n",
      "145/145 [==============================] - 1s 6ms/step - loss: 39455.8203 - accuracy: 0.1312 - val_loss: 151933.1250 - val_accuracy: 0.1272\n",
      "Epoch 20/100\n",
      "145/145 [==============================] - 1s 6ms/step - loss: 47461.3555 - accuracy: 0.1273 - val_loss: 155380.8125 - val_accuracy: 0.1154\n",
      "Epoch 21/100\n",
      "145/145 [==============================] - 1s 6ms/step - loss: 52977.1836 - accuracy: 0.1189 - val_loss: 209932.4375 - val_accuracy: 0.1272\n",
      "Epoch 22/100\n",
      "145/145 [==============================] - 1s 6ms/step - loss: 54715.4922 - accuracy: 0.1336 - val_loss: 240600.9688 - val_accuracy: 0.1154\n",
      "Epoch 23/100\n",
      "145/145 [==============================] - 1s 6ms/step - loss: 66155.1875 - accuracy: 0.1230 - val_loss: 274073.4688 - val_accuracy: 0.1272\n",
      "Epoch 24/100\n",
      "145/145 [==============================] - 1s 6ms/step - loss: 62719.6250 - accuracy: 0.1225 - val_loss: 274815.4375 - val_accuracy: 0.1272\n",
      "Epoch 25/100\n",
      "145/145 [==============================] - 1s 6ms/step - loss: 71187.0469 - accuracy: 0.1312 - val_loss: 251199.5312 - val_accuracy: 0.1154\n",
      "Epoch 26/100\n",
      "145/145 [==============================] - 1s 6ms/step - loss: 79332.7031 - accuracy: 0.1249 - val_loss: 356126.3125 - val_accuracy: 0.1154\n",
      "Epoch 27/100\n",
      "145/145 [==============================] - 1s 6ms/step - loss: 78280.3672 - accuracy: 0.1221 - val_loss: 283982.4688 - val_accuracy: 0.1154\n",
      "Epoch 28/100\n",
      "145/145 [==============================] - 1s 6ms/step - loss: 90686.3125 - accuracy: 0.1269 - val_loss: 369643.5000 - val_accuracy: 0.1272\n",
      "Epoch 29/100\n",
      "145/145 [==============================] - 1s 6ms/step - loss: 96386.5703 - accuracy: 0.1247 - val_loss: 468212.3438 - val_accuracy: 0.1272\n",
      "Epoch 30/100\n",
      "145/145 [==============================] - 1s 6ms/step - loss: 103863.4375 - accuracy: 0.1305 - val_loss: 617989.4375 - val_accuracy: 0.1272\n",
      "Epoch 31/100\n",
      "145/145 [==============================] - 1s 6ms/step - loss: 112086.7031 - accuracy: 0.1234 - val_loss: 563093.7500 - val_accuracy: 0.1272\n",
      "Epoch 32/100\n",
      "145/145 [==============================] - 1s 6ms/step - loss: 118255.3984 - accuracy: 0.1254 - val_loss: 363448.1562 - val_accuracy: 0.1272\n",
      "Epoch 33/100\n",
